10000 1765326
233 309
685 209
875 261
848 148
402 188
240 62
170 98
664 108
620 112
515 376
626 175
940 120
472 31
522 165
118 247
703 356
335 96
173 397
370 204
258 321
138 55
217 316
983 318
369 196
828 50
944 277
730 292
343 170
388 385
483 48
522 307
706 143
463 195
749 265
425 182
776 254
526 46
985 334
197 124
388 192
324 105
802 20
986 363
110 103
257 62
979 255
449 366
274 169
238 261
725 310
198 257
163 242
162 148
60 178
548 205
916 253
635 28
583 77
970 367
404 313
571 177
129 313
52 112
75 317
617 247
420 371
732 35
836 128
155 276
643 392
827 126
972 384
670 110
968 344
422 311
526 34
405 208
159 135
257 386
822 338
595 354
975 347
88 247
577 238
580 109
995 133
778 74
734 201
570 182
594 302
466 398
77 289
301 338
211 388
748 313
871 355
20 286
134 194
924 311
924 363
433 148
561 335
756 42
531 318
401 380
294 45
278 190
206 257
72 159
741 187
694 42
773 301
972 196
272 360
718 299
825 64
16 268
39 245
447 291
254 226
353 278
567 190
736 96
629 195
778 196
922 333
408 193
655 258
364 166
374 103
929 264
788 65
894 32
924 377
313 113
702 48
485 398
869 162
122 328
980 218
250 333
542 75
194 202
675 383
986 215
469 96
70 124
114 347
73 331
25 281
170 27
639 370
402 362
429 38
631 78
908 241
457 316
449 308
709 127
457 130
846 349
581 323
735 99
733 361
545 286
975 180
53 44
161 222
745 66
25 50
131 172
813 229
450 151
723 17
424 323
579 339
711 223
250 18
757 372
659 147
871 134
661 391
739 279
345 272
252 281
911 255
402 216
44 193
375 372
102 252
438 137
362 372
252 300
243 346
166 142
699 32
320 170
403 49
307 372
584 377
161 241
116 174
683 73
626 283
827 148
829 385
818 201
715 117
788 146
552 32
163 358
492 170
217 196
978 202
974 361
625 43
48 198
269 390
701 304
325 190
190 160
538 226
434 137
658 120
499 254
812 142
598 19
860 331
536 265
306 26
103 81
240 16
499 125
31 49
296 203
438 327
777 161
402 99
841 31
589 293
822 186
161 321
711 18
109 232
836 297
633 230
138 40
997 88
55 126
241 398
752 257
768 215
947 88
980 240
630 221
167 286
536 364
299 119
912 339
93 180
336 391
513 350
896 279
986 279
834 154
982 259
711 92
847 259
56 14
158 195
865 242
691 387
858 40
979 12
908 88
719 250
632 374
349 238
118 394
869 353
261 106
563 208
414 281
111 198
941 87
815 39
282 279
384 164
510 386
37 277
124 61
597 399
879 254
717 58
794 244
347 70
520 13
75 64
780 140
95 216
66 123
327 163
423 313
831 186
89 154
441 146
861 349
206 282
640 178
145 123
928 210
408 395
116 351
922 109
327 111
926 154
558 202
443 359
50 302
664 216
903 15
78 183
52 301
559 89
307 335
139 303
178 375
329 231
764 325
871 100
155 133
384 102
826 82
286 262
821 318
24 301
578 283
320 88
281 170
903 309
268 381
27 272
755 341
902 277
802 28
118 43
482 190
902 385
841 325
827 243
604 56
996 65
388 204
34 331
415 250
458 298
435 104
950 133
935 289
82 209
784 242
106 211
323 376
412 233
537 166
303 170
211 140
925 363
222 124
339 229
973 325
152 178
310 34
991 98
409 174
88 107
595 124
540 334
800 147
97 400
791 135
557 195
646 154
499 387
53 171
661 282
292 164
733 120
552 62
908 155
710 175
461 84
691 188
822 247
434 29
129 23
284 376
790 26
955 107
824 218
853 381
945 386
577 185
852 253
97 93
435 128
471 281
567 331
452 181
332 172
259 204
125 380
367 56
683 274
143 250
879 299
326 64
253 211
791 119
117 180
325 134
573 268
993 122
407 264
429 109
451 339
829 25
415 343
574 220
502 185
884 139
326 57
859 217
407 160
459 356
230 105
704 82
766 326
875 90
385 169
574 148
613 59
591 228
827 330
106 141
79 158
314 374
757 267
853 139
621 333
971 167
541 211
366 320
29 358
843 88
991 349
923 48
52 196
679 331
876 279
118 227
792 270
383 44
964 159
634 369
82 161
97 157
604 361
723 76
607 179
415 370
848 279
851 241
360 362
660 273
700 60
592 108
25 208
780 291
714 90
525 19
397 238
182 240
440 204
394 286
684 126
276 25
802 273
177 184
396 188
437 274
548 262
911 189
595 208
788 338
746 255
751 277
957 365
977 197
504 270
457 178
844 37
940 28
536 316
959 73
505 101
772 164
759 377
151 119
755 173
518 332
59 259
128 289
852 18
564 322
486 214
348 21
124 339
757 144
261 231
940 185
772 196
161 73
94 101
316 56
261 92
33 297
425 210
724 40
328 92
253 125
946 319
27 326
240 14
269 115
5 229
430 315
848 350
489 220
204 211
775 330
928 287
514 328
570 193
597 303
471 65
111 160
482 84
909 202
967 121
270 168
80 104
270 363
21 262
862 262
982 309
48 397
51 69
564 127
767 215
551 223
242 155
844 388
577 212
723 125
960 361
526 215
471 293
567 225
528 236
155 212
99 332
608 182
685 84
794 224
371 375
697 327
73 177
885 187
308 295
698 154
633 393
126 352
609 55
809 83
302 220
350 10
17 309
506 380
359 141
253 83
633 213
524 381
933 261
899 134
701 100
484 137
639 89
813 94
10 342
504 339
950 22
395 238
905 389
455 215
299 195
820 387
288 334
245 51
165 338
182 194
679 102
374 125
872 23
257 381
117 322
509 45
932 210
654 49
367 259
613 393
166 255
946 349
584 44
449 234
751 160
585 196
522 380
517 320
605 89
854 347
59 232
684 20
159 78
866 119
758 190
469 157
67 194
308 148
227 23
177 148
163 142
569 290
814 316
228 272
881 213
902 18
515 299
803 59
982 217
529 49
822 296
55 139
810 112
686 163
928 164
324 361
685 43
835 344
515 373
97 399
803 299
846 333
108 276
219 163
907 238
347 182
790 378
237 159
962 319
605 395
916 391
590 311
93 334
506 318
526 228
825 345
402 271
303 372
675 275
252 383
655 124
699 358
406 371
789 213
800 157
940 187
342 182
123 118
87 333
338 77
578 371
829 161
576 355
190 159
364 124
185 61
418 241
40 132
267 168
181 169
349 187
726 100
396 295
467 191
734 20
903 19
366 110
791 189
69 306
243 155
989 261
900 66
607 22
691 223
667 209
108 391
897 93
455 18
490 272
316 235
686 30
466 15
229 374
538 321
457 175
784 229
956 282
76 269
8 20
414 255
591 263
852 40
493 378
166 170
143 57
108 323
810 240
92 69
844 142
93 41
572 201
363 312
393 225
117 374
152 225
565 345
162 140
43 200
293 186
620 367
761 250
62 376
467 387
892 237
835 222
334 195
350 121
839 192
310 325
64 29
853 170
473 388
868 379
620 228
295 353
297 195
325 305
38 210
700 125
771 349
433 167
555 330
645 204
441 19
248 96
861 278
224 72
301 268
804 234
247 69
92 87
355 141
995 46
150 127
464 370
560 67
341 258
601 223
685 302
173 102
756 266
582 58
644 327
656 304
733 319
125 383
806 252
186 43
798 145
417 130
443 263
749 309
631 387
236 327
502 309
145 258
613 77
290 342
476 35
524 80
583 132
878 127
610 260
998 57
898 320
499 53
852 199
526 79
267 389
502 201
546 275
133 118
523 42
694 73
445 289
571 260
864 82
444 88
817 334
832 367
35 225
853 56
115 188
70 172
153 35
860 268
242 118
80 251
281 352
697 37
442 45
799 73
178 362
602 79
118 248
837 112
43 299
33 311
856 331
904 308
814 71
242 16
712 15
217 195
551 178
368 291
953 394
787 364
435 202
994 316
208 256
960 168
853 56
586 11
162 347
50 210
901 132
340 380
263 125
131 170
324 14
388 320
969 15
767 326
775 128
277 105
541 166
724 60
609 341
428 154
8 94
19 107
271 160
981 19
257 14
983 210
791 302
540 133
817 167
799 247
812 257
731 106
509 244
832 262
431 342
831 80
120 230
845 333
675 178
380 217
835 361
396 22
930 108
211 180
32 174
347 305
646 322
968 61
499 30
660 317
95 119
658 356
243 381
667 282
625 54
680 237
645 298
877 337
524 87
862 187
495 213
134 162
20 50
990 377
793 156
426 398
931 313
635 181
151 74
888 106
962 349
126 150
164 244
53 29
768 79
732 289
224 346
578 327
423 384
94 300
671 328
444 12
87 302
959 114
531 378
209 115
93 161
835 256
383 195
299 267
465 388
72 375
558 245
377 208
871 381
619 181
609 396
855 73
700 263
684 327
78 188
258 62
954 279
544 238
890 74
356 377
757 34
969 17
137 239
822 350
772 183
83 334
674 202
756 330
695 337
553 363
538 348
127 56
888 347
384 208
423 177
928 302
477 340
89 220
648 176
689 396
496 157
216 107
984 150
926 155
314 105
434 41
445 336
320 69
318 213
863 375
931 27
150 166
921 311
733 183
14 28
198 368
778 256
603 382
616 273
811 135
602 25
227 81
388 88
340 187
748 344
833 138
175 93
417 15
439 203
951 358
132 204
55 50
619 17
850 129
450 305
452 199
808 396
787 311
722 16
966 134
524 291
991 16
120 152
902 200
42 273
522 61
983 349
63 154
84 125
668 196
638 12
426 208
509 137
882 94
677 252
657 376
75 88
915 41
794 94
522 290
87 270
646 250
152 104
133 140
471 347
674 154
900 183
828 241
743 93
534 47
643 123
238 257
380 356
626 189
376 192
561 291
417 126
669 157
681 360
502 149
991 284
713 95
145 172
204 171
477 311
125 382
773 21
73 260
9 129
125 333
74 323
485 253
237 140
991 163
662 48
444 183
724 109
800 162
944 110
805 67
457 96
767 56
732 154
968 369
35 301
825 84
219 141
979 198
907 184
248 83
186 18
537 326
57 43
676 374
198 330
603 393
23 353
846 273
854 326
441 180
118 349
619 331
715 312
129 144
600 234
896 171
860 34
625 109
279 346
803 376
220 153
934 256
921 166
352 270
259 173
203 241
264 267
552 46
660 180
116 219
17 185
825 170
451 292
498 22
543 232
497 223
274 195
992 65
679 221
222 175
665 142
807 79
344 116
842 186
928 44
817 350
486 210
368 151
336 138
392 200
188 116
57 109
957 265
314 14
82 296
858 73
316 103
403 164
744 237
660 192
876 269
312 202
149 384
911 349
48 90
571 137
105 273
7 310
209 160
120 135
931 125
37 399
431 61
249 385
665 225
359 342
908 316
862 158
346 295
981 356
83 259
949 154
651 298
233 81
160 273
501 168
490 96
215 162
821 278
301 39
78 249
99 246
389 75
953 383
348 70
432 216
271 200
920 131
162 269
208 181
838 13
510 134
453 292
83 240
820 184
348 153
430 86
321 294
164 132
350 240
465 36
45 133
608 277
135 329
886 259
636 376
488 33
592 204
238 98
363 46
884 400
743 58
602 109
32 233
330 231
386 61
461 305
963 59
59 389
177 217
908 254
259 400
390 83
392 173
894 255
702 79
315 180
671 232
420 266
215 189
310 70
172 299
184 79
825 222
344 149
533 324
859 381
517 399
613 134
101 24
57 212
956 35
355 97
647 263
477 207
37 62
129 81
128 93
990 386
722 79
127 30
244 287
522 307
25 182
870 369
902 68
155 196
667 128
776 78
788 198
705 309
56 237
664 156
610 276
591 79
430 257
614 220
450 116
437 33
308 81
201 301
882 24
737 260
553 54
488 240
201 249
365 190
433 88
298 196
966 250
636 128
612 67
99 128
211 169
344 173
956 31
798 170
927 182
545 59
823 190
252 311
342 63
568 260
212 266
505 274
629 341
919 322
939 356
288 88
52 286
151 69
30 113
445 84
671 228
344 286
877 195
702 174
313 278
245 153
682 11
917 265
270 158
224 123
136 314
772 147
885 336
983 154
197 372
740 225
434 19
990 146
408 278
896 310
565 139
253 397
951 247
799 199
209 52
913 77
995 237
145 381
668 22
325 272
745 390
120 235
109 319
834 264
343 47
561 38
264 253
508 382
220 159
287 162
763 79
485 117
938 194
907 123
642 154
526 131
753 396
700 363
945 398
89 188
8 228
506 242
738 210
7 339
76 34
298 141
246 144
551 195
909 298
279 17
949 49
13 377
268 68
609 20
544 107
155 136
142 84
116 81
193 13
812 363
210 34
338 293
723 213
631 94
633 76
10 158
87 303
237 384
774 273
717 351
959 210
8 117
459 370
850 86
314 145
857 70
228 167
812 391
687 16
565 179
570 120
879 374
317 254
364 312
522 356
28 344
411 364
549 86
631 250
81 380
146 145
639 102
810 277
974 257
160 58
765 35
530 86
598 37
113 56
800 292
310 242
198 15
302 249
731 172
912 162
692 297
684 264
350 278
886 218
422 123
973 349
632 150
872 114
503 379
229 346
431 333
622 282
331 207
939 397
714 307
135 392
809 170
580 259
308 83
696 382
266 364
818 277
107 324
895 21
27 323
364 153
808 328
792 370
573 298
343 236
44 167
183 234
665 231
382 183
956 340
552 126
260 60
671 364
432 330
238 131
669 67
434 280
15 10
458 104
150 332
204 263
920 212
243 74
619 347
619 134
166 378
582 179
440 53
756 199
458 368
144 189
316 356
69 200
467 84
265 182
198 287
675 20
36 81
976 199
185 343
114 171
557 31
818 248
929 373
328 65
738 320
131 339
659 386
556 72
751 391
532 199
308 191
891 131
244 172
236 358
305 253
91 210
99 19
673 328
137 90
312 207
295 204
826 143
249 394
346 284
639 200
562 76
682 77
84 105
76 240
425 81
380 393
170 69
190 111
930 209
817 52
824 314
481 117
636 136
75 99
51 254
340 279
719 140
116 175
95 28
906 49
552 165
217 327
113 94
614 121
554 299
640 276
357 246
370 344
947 388
620 27
653 60
437 131
356 197
649 143
566 164
500 78
458 227
345 380
202 263
193 91
615 173
717 318
80 369
217 209
527 130
100 86
667 379
329 228
622 300
164 98
952 58
374 393
430 307
843 276
296 144
215 324
820 267
229 158
29 379
443 396
79 321
855 306
649 348
950 264
695 257
308 24
344 362
815 29
870 382
493 156
901 304
993 87
89 263
599 235
217 161
593 47
890 242
925 40
627 232
704 147
644 169
501 141
173 398
161 23
837 250
519 195
177 271
37 349
36 32
357 288
639 305
999 357
185 130
684 323
565 213
888 174
641 125
335 213
505 68
87 241
645 391
84 239
374 271
396 193
555 132
78 292
343 173
600 117
817 146
92 26
379 387
552 385
385 238
924 72
967 16
762 262
759 374
516 75
763 38
45 118
768 276
52 70
73 19
274 70
136 378
418 287
758 254
66 105
434 379
287 20
631 89
869 42
675 21
136 55
354 354
639 362
537 145
376 206
297 139
272 324
469 149
431 331
625 294
713 272
383 275
580 365
648 365
262 217
663 30
629 304
73 342
261 267
620 244
535 393
376 80
670 46
624 107
525 125
701 281
921 109
823 398
539 205
388 221
845 396
957 105
564 60
30 82
399 122
965 86
795 382
29 393
459 239
345 127
61 241
735 373
864 184
963 247
968 302
898 368
151 373
569 282
743 205
146 95
210 77
52 136
383 288
303 353
118 169
90 381
355 35
915 36
392 358
846 303
398 177
790 365
274 366
462 208
109 142
812 210
29 250
510 75
790 104
143 283
1000 303
504 85
149 353
954 298
693 161
721 332
591 88
477 53
937 273
391 145
641 330
35 120
13 76
132 116
963 297
719 387
333 331
504 354
509 131
825 207
230 47
172 15
512 331
936 12
991 327
628 361
774 265
117 367
58 76
225 269
383 264
911 93
621 335
498 13
57 201
127 330
789 380
23 292
473 67
474 149
518 206
640 313
159 264
436 163
760 240
454 144
143 217
758 212
633 60
492 310
6 190
180 93
280 46
271 355
631 71
697 314
888 77
441 208
124 281
876 160
79 140
453 132
707 12
766 227
854 387
406 331
91 259
338 356
585 131
163 76
553 110
722 270
491 276
271 96
175 81
282 370
848 51
34 238
909 276
454 212
98 338
116 325
509 135
311 385
834 274
271 393
990 299
693 125
502 46
637 133
868 70
204 397
140 53
42 177
517 187
745 369
16 334
571 235
982 126
71 285
927 251
959 104
747 283
267 309
215 118
286 227
798 350
188 196
206 373
113 55
307 356
986 33
429 214
931 218
485 255
554 73
121 277
747 350
404 218
593 237
86 231
796 15
218 302
645 323
81 354
696 158
581 148
372 301
479 282
986 41
88 353
569 74
869 96
182 242
874 233
947 294
935 43
314 318
98 344
763 107
907 132
569 374
767 366
126 79
70 35
661 268
691 30
881 54
621 87
780 168
254 212
881 191
338 38
428 203
515 370
99 109
208 318
163 123
554 163
46 299
921 200
746 223
600 127
102 16
590 190
534 12
585 60
848 292
333 193
12 306
939 97
18 112
70 57
702 372
46 20
326 116
579 154
793 116
862 91
321 316
324 67
540 137
822 131
25 282
315 213
281 50
879 59
170 38
295 135
834 176
804 396
33 268
847 388
399 303
994 345
480 131
902 144
954 122
731 161
551 262
28 384
507 232
659 264
881 344
68 117
708 276
264 263
539 83
722 368
716 180
106 167
373 122
239 241
647 29
897 176
664 290
635 88
204 211
196 219
470 20
373 260
575 200
354 273
624 96
13 26
77 44
58 275
604 270
664 81
505 73
900 20
336 244
720 212
666 127
637 193
913 350
326 353
466 59
897 377
860 370
846 231
741 94
121 355
24 31
636 379
457 286
44 178
66 240
678 330
337 341
146 17
277 233
88 86
827 23
443 165
398 309
44 159
563 250
549 195
814 365
754 73
626 179
990 68
959 139
648 310
412 230
465 83
583 292
821 310
597 155
227 256
190 236
926 176
548 40
730 20
191 319
870 28
660 67
181 300
679 76
745 28
453 284
109 339
477 114
541 195
635 124
182 243
140 123
273 219
398 231
878 167
120 239
534 334
717 275
955 14
753 287
840 198
403 252
106 105
31 178
313 88
104 235
831 54
38 336
53 15
839 329
354 96
422 225
343 269
304 370
915 102
984 54
698 325
336 349
280 393
992 366
600 261
522 243
849 365
804 61
223 78
262 258
836 338
318 259
378 60
207 277
637 270
607 219
850 346
355 119
95 257
832 93
525 26
452 277
351 332
733 211
151 40
687 352
263 232
914 254
500 371
194 255
510 376
96 73
944 187
547 329
363 101
730 175
728 79
597 292
193 48
597 186
754 364
132 211
40 17
484 196
734 302
35 253
830 77
776 106
744 393
343 117
122 315
467 332
168 179
638 85
787 374
982 56
458 335
971 296
517 138
963 234
252 15
154 192
105 184
538 358
745 335
971 156
799 244
457 277
429 393
80 23
317 216
646 246
767 201
817 244
115 153
84 173
590 189
207 263
570 326
380 202
569 345
377 227
99 177
332 12
775 343
761 132
349 189
169 208
684 159
880 300
176 189
290 254
354 383
915 359
856 27
964 43
946 278
980 151
977 322
386 217
74 305
686 260
602 221
939 153
38 203
971 52
153 186
103 314
951 367
245 285
136 304
539 323
23 187
651 30
480 371
726 388
443 339
267 309
7 202
951 246
461 247
228 173
39 354
56 72
314 227
308 301
477 53
858 98
206 43
966 329
119 244
33 132
886 189
585 363
18 75
976 50
394 51
836 271
173 171
724 252
713 236
430 354
611 389
578 116
796 254
250 331
775 384
882 192
817 257
316 314
404 354
353 262
226 345
796 91
127 47
541 53
55 90
28 383
524 318
592 281
420 345
438 263
707 316
413 109
532 255
397 16
327 239
596 319
823 28
515 132
439 157
538 49
449 286
601 29
686 72
948 14
917 36
22 141
12 353
46 365
614 137
201 371
944 218
995 51
530 62
426 174
935 37
363 249
453 168
852 122
783 79
473 56
312 157
697 128
715 298
315 11
122 105
356 349
464 254
529 197
937 264
331 358
614 101
410 201
371 121
538 350
643 40
891 296
319 359
481 86
397 259
420 260
388 373
546 351
867 95
537 118
945 376
277 116
652 54
9 165
712 313
191 66
736 348
179 354
223 263
599 144
757 393
651 298
185 308
315 175
901 382
770 52
616 286
961 213
379 379
266 62
65 363
422 242
644 287
411 88
259 38
308 189
917 137
828 23
341 221
231 213
671 393
684 203
943 166
669 384
878 288
684 36
643 149
437 371
116 352
568 222
71 204
694 224
240 15
292 293
843 335
751 132
297 153
182 316
110 89
531 130
172 371
225 74
26 106
380 202
812 231
731 324
242 262
74 60
598 393
885 120
6 39
856 39
781 185
213 326
92 239
320 134
567 40
861 95
842 375
67 135
144 218
736 230
87 122
593 62
725 364
478 43
743 133
534 26
696 328
182 203
33 14
690 310
845 264
296 112
688 20
878 12
239 331
769 187
113 310
957 217
601 208
950 326
374 311
330 310
264 285
767 274
139 275
52 158
805 354
773 224
974 308
925 49
153 183
271 273
299 151
592 119
959 61
269 314
374 227
92 111
803 94
466 150
62 163
782 353
380 88
40 371
523 184
98 233
964 218
985 214
484 142
179 247
194 300
65 243
539 378
21 328
623 342
290 237
699 240
344 349
132 392
331 60
903 147
62 318
689 144
677 366
236 51
852 193
736 32
831 48
692 131
50 264
136 218
725 173
710 112
372 54
624 358
526 317
152 211
114 226
136 232
872 293
75 26
646 155
307 55
550 206
823 128
193 256
151 13
345 382
73 307
308 268
716 259
27 68
616 54
965 89
820 373
941 271
922 200
644 216
574 351
115 363
348 342
977 30
210 68
859 336
698 204
166 39
948 273
997 390
163 291
848 172
447 71
803 151
888 132
674 287
661 138
778 168
728 196
614 49
88 267
484 269
202 210
14 78
813 273
640 93
958 170
953 265
672 335
277 337
246 91
457 337
474 378
139 349
741 156
693 167
162 29
787 364
186 119
644 133
829 305
239 288
512 14
710 272
232 14
350 287
290 185
727 20
367 204
982 299
773 70
711 112
578 91
157 302
229 219
261 299
315 119
873 325
507 314
574 186
935 30
29 181
830 133
468 80
891 206
709 399
341 276
22 52
232 261
164 78
932 58
50 104
600 94
293 256
888 91
172 25
378 149
743 82
200 132
794 200
115 28
271 144
51 19
570 126
650 340
619 94
360 386
499 334
663 102
186 125
62 367
824 134
216 314
978 191
349 183
64 388
753 85
116 181
845 367
777 23
676 164
977 223
976 211
976 69
104 140
483 350
549 296
670 14
109 386
260 319
565 229
905 38
344 67
260 389
435 339
518 390
780 362
773 183
637 282
405 221
255 298
883 154
320 253
112 100
83 188
229 375
513 186
646 359
956 177
816 273
948 187
61 252
318 150
43 301
275 347
751 291
527 335
381 90
49 246
654 86
547 69
404 276
781 28
191 230
248 283
802 298
699 374
331 178
254 11
986 291
407 42
396 237
56 361
339 340
48 133
833 319
388 340
493 213
249 166
644 218
178 242
810 112
622 48
61 113
57 301
553 73
54 164
90 51
703 104
236 43
393 138
106 156
13 233
905 41
818 357
38 90
659 123
349 188
893 25
518 148
150 325
330 372
172 91
47 313
995 99
423 260
438 112
348 44
101 38
617 398
42 159
57 190
126 21
587 64
647 212
460 267
152 79
36 76
832 160
180 28
556 202
200 223
627 306
75 309
304 270
931 151
852 34
133 194
911 101
765 278
570 341
401 330
759 148
310 112
891 212
201 165
258 322
966 213
771 372
723 363
957 98
403 200
405 263
883 337
616 85
377 352
128 338
49 232
234 57
597 366
925 350
987 374
314 166
200 338
186 320
406 339
243 18
371 117
432 75
929 268
105 162
734 316
302 232
771 330
985 233
476 34
705 48
872 328
383 204
337 90
891 273
287 153
604 78
277 241
504 205
142 350
632 103
75 191
287 114
952 129
957 101
430 213
344 343
210 102
895 322
604 170
73 51
694 137
234 50
490 135
720 144
358 380
585 344
504 376
316 269
544 110
915 376
340 319
106 19
390 126
846 62
570 338
45 192
906 123
66 354
112 83
136 31
977 21
153 73
702 137
617 284
148 168
655 151
115 379
517 43
614 302
749 100
709 353
291 96
692 387
182 73
875 54
792 18
983 279
531 103
873 203
795 265
334 338
617 193
936 356
845 154
791 352
961 358
334 122
539 155
933 301
348 224
16 228
26 158
889 387
141 249
752 219
414 247
570 338
996 186
171 84
971 291
93 260
464 93
638 299
865 11
412 350
556 365
216 349
287 222
958 386
333 171
504 35
763 138
749 101
568 312
748 24
185 27
550 386
903 59
133 330
11 311
478 90
881 374
955 255
342 305
481 29
971 115
755 176
529 84
716 102
932 204
566 285
320 225
850 118
180 174
553 76
217 361
226 246
113 30
843 31
217 18
477 280
618 28
175 180
54 150
856 57
821 45
904 276
775 183
526 47
517 139
277 87
726 265
822 297
410 109
979 94
464 68
844 319
183 217
510 357
21 272
964 89
667 131
376 365
302 151
442 102
202 295
346 232
413 102
872 76
860 225
540 285
309 328
404 372
481 201
528 230
455 66
898 398
772 227
733 195
606 199
616 38
719 373
152 116
661 289
524 120
454 343
284 97
567 272
451 217
77 129
449 48
878 26
316 131
483 192
487 135
668 27
573 350
210 172
650 288
338 164
640 204
372 34
300 149
419 400
634 241
673 261
819 386
855 110
926 364
815 84
211 272
654 153
713 334
199 169
904 24
40 356
937 93
337 308
904 290
481 382
677 354
496 106
430 361
580 16
339 23
7 230
715 109
497 269
34 326
453 92
684 362
206 166
241 250
693 256
860 187
632 58
659 223
741 371
523 348
786 261
252 290
908 217
820 27
559 17
255 92
449 140
59 299
695 93
816 121
638 229
312 366
581 242
509 51
990 50
55 221
888 63
615 303
572 171
476 178
143 303
385 373
114 332
201 72
62 139
269 15
43 389
852 32
577 142
545 253
670 190
22 371
537 116
430 100
268 216
242 162
386 391
429 69
960 382
391 353
29 50
195 230
236 386
350 126
682 398
650 174
875 293
204 237
404 215
701 24
30 197
341 387
292 116
679 349
329 233
764 134
572 324
160 338
83 325
568 340
628 122
935 268
279 346
143 153
270 174
826 35
705 199
21 181
364 279
469 374
191 299
473 331
568 45
891 270
895 265
765 327
654 211
685 99
65 47
448 374
782 302
168 221
23 330
422 336
546 368
729 186
129 45
484 392
181 232
450 302
214 219
690 53
699 311
283 46
532 206
687 293
50 329
845 206
672 251
357 142
359 32
546 361
325 11
64 172
36 335
836 263
620 240
381 66
36 247
875 377
323 117
734 135
268 337
344 220
784 154
464 184
643 182
531 324
701 26
247 160
629 256
427 248
777 63
693 275
312 277
535 258
300 313
921 206
400 198
58 242
659 129
37 156
350 231
644 217
983 78
34 172
84 21
139 244
514 137
562 88
96 144
623 339
248 119
925 328
443 301
166 333
608 326
175 389
303 234
404 18
22 209
727 63
14 343
795 31
801 41
608 174
854 287
293 50
492 258
498 128
343 364
142 308
811 209
406 219
254 160
637 30
560 362
421 328
906 371
992 32
545 43
625 314
23 245
953 169
23 127
17 11
980 288
67 19
985 291
653 76
878 59
564 318
701 272
858 34
424 178
109 87
238 68
153 366
860 136
510 43
741 129
918 340
965 194
612 143
178 179
169 136
565 303
582 357
752 54
664 62
454 306
901 220
561 72
483 204
74 116
479 345
505 308
832 250
612 338
55 88
623 163
973 292
699 48
249 252
960 375
667 395
467 179
67 36
217 152
238 87
481 295
193 352
839 58
186 156
400 169
679 177
548 192
242 195
197 199
744 218
813 214
153 275
639 293
310 109
188 49
202 65
72 260
48 209
393 46
351 251
125 283
972 247
631 398
528 386
184 178
694 53
524 195
389 198
476 304
644 286
631 164
226 346
493 36
660 191
363 97
76 236
658 380
116 392
761 270
868 339
783 155
658 29
513 339
65 234
966 76
80 95
906 129
968 180
814 13
442 400
533 330
939 273
345 334
945 40
606 282
614 368
646 142
561 287
814 16
290 396
560 269
491 386
182 101
638 33
101 179
81 192
762 110
291 58
989 200
537 42
318 310
630 83
358 132
863 201
9 302
976 296
959 107
734 378
205 261
642 268
907 207
774 270
970 376
668 60
618 283
450 123
52 259
629 331
219 355
668 121
583 56
557 162
426 207
582 366
447 318
584 171
81 351
920 96
884 22
944 287
405 290
562 270
994 203
981 252
749 47
738 350
402 191
178 306
513 293
365 116
337 212
428 18
695 55
59 72
671 210
206 299
783 48
824 23
134 294
892 301
475 106
547 191
66 240
59 52
971 370
880 340
654 329
193 297
848 316
542 275
644 240
542 282
343 249
591 365
959 325
796 18
712 273
852 242
719 128
616 14
632 338
25 16
500 69
701 342
533 118
126 317
276 334
157 115
856 41
603 227
141 362
370 364
745 126
366 91
353 70
519 235
526 221
970 61
960 382
383 240
173 224
225 304
229 72
592 254
407 68
522 185
941 89
354 262
677 242
198 101
310 399
775 184
277 251
89 220
926 330
924 198
622 179
570 54
341 165
157 376
573 222
929 312
92 380
631 131
479 143
42 227
947 228
100 121
55 122
992 314
80 306
252 141
510 169
639 73
763 309
467 379
557 29
540 129
437 257
111 127
172 334
868 239
823 49
242 27
694 346
886 381
484 49
644 399
687 308
101 319
348 349
676 29
535 295
904 267
685 52
508 325
449 181
959 382
67 112
798 292
820 371
89 18
323 134
809 231
715 169
429 325
457 388
436 355
704 220
403 376
578 126
77 374
665 144
119 25
994 289
852 235
997 111
742 315
21 38
663 149
144 85
746 188
926 192
107 193
99 205
100 354
653 340
568 305
250 74
156 377
607 239
641 76
899 314
381 197
804 119
85 64
894 389
759 175
491 378
804 328
741 159
317 68
728 22
263 29
960 262
842 98
434 87
850 102
969 247
415 278
122 162
726 110
359 204
665 114
994 113
896 204
823 372
53 161
509 209
916 47
580 161
856 327
990 229
886 63
899 71
854 320
630 395
801 188
927 218
798 195
456 32
925 262
395 194
108 307
254 368
45 73
208 41
230 179
833 87
291 124
106 32
81 298
729 328
903 254
612 123
245 379
885 228
841 139
41 26
69 200
297 12
215 244
798 362
787 52
28 362
928 266
870 41
702 100
956 327
300 295
757 221
813 320
254 381
885 167
509 396
628 284
187 118
905 74
532 288
747 120
248 107
768 334
690 66
381 135
612 88
329 178
702 250
403 264
508 328
893 263
849 156
842 45
467 106
906 80
289 303
30 254
132 60
484 338
306 397
666 304
883 24
979 62
858 213
328 187
417 381
441 216
580 62
516 202
737 16
543 55
266 265
97 66
329 356
331 242
339 78
640 111
963 45
281 355
953 218
246 253
117 379
756 321
349 168
707 158
475 50
47 201
725 206
137 74
704 392
204 59
909 45
110 237
692 397
834 204
33 222
286 360
97 274
388 344
754 189
771 153
461 214
430 336
435 55
741 337
724 214
811 240
556 203
381 319
81 121
914 103
901 387
553 92
646 316
307 383
809 128
345 186
586 332
734 39
267 132
661 176
81 129
868 85
480 387
464 101
226 241
406 244
120 231
15 102
288 257
273 20
423 219
795 312
438 342
78 185
32 171
910 260
398 167
659 365
157 10
859 100
655 165
5 268
228 372
201 201
363 85
898 321
224 340
966 70
584 100
588 282
942 358
945 347
599 131
997 193
887 152
244 313
582 45
482 233
865 221
456 14
821 72
402 162
598 221
679 284
307 252
320 253
772 187
130 76
997 300
829 136
239 41
504 362
131 22
495 35
44 36
974 57
933 288
264 233
925 113
970 298
713 145
246 166
183 29
415 347
951 394
40 291
912 30
335 189
339 162
672 44
945 33
38 361
92 348
596 353
988 128
895 246
255 222
670 119
832 211
603 167
760 354
118 275
245 282
449 206
501 386
787 309
615 16
55 115
625 110
820 239
619 265
663 349
661 335
344 221
581 395
522 287
938 376
444 392
153 315
950 246
186 258
502 269
10 244
76 102
240 154
482 318
294 325
640 359
648 95
223 75
366 226
287 399
532 99
100 307
699 302
100 72
463 353
177 172
904 348
975 126
151 323
510 85
757 32
368 191
599 256
870 80
411 192
989 48
66 240
235 93
620 134
709 46
791 394
724 66
141 259
140 398
171 176
991 24
279 96
490 203
729 48
991 332
99 26
544 238
847 339
888 159
789 65
781 139
327 250
696 59
820 73
613 85
333 220
315 122
313 345
521 90
969 120
316 109
401 384
770 237
730 104
689 365
339 19
276 277
714 262
972 162
473 206
122 32
577 149
891 387
398 162
697 309
985 335
539 330
688 182
678 102
740 384
338 290
112 186
292 280
745 230
64 291
753 112
776 256
170 185
102 268
363 183
959 36
299 243
256 164
991 356
941 183
465 324
504 143
118 374
53 80
698 327
318 284
384 226
291 353
872 313
106 235
310 245
83 274
811 75
362 48
624 302
164 107
597 118
864 250
675 353
204 170
588 60
925 364
291 37
147 19
39 292
683 78
941 214
10 115
947 79
745 289
230 219
960 97
271 157
526 193
431 37
545 50
862 248
663 84
693 344
467 179
454 120
549 332
255 157
256 284
166 224
489 370
466 160
58 131
234 11
50 54
647 98
983 280
847 250
442 242
634 322
803 76
575 249
954 98
630 287
956 278
596 167
7 37
986 116
577 367
342 48
837 385
387 251
269 42
332 318
348 173
278 29
170 227
160 328
394 365
863 161
487 199
145 260
562 199
146 214
433 139
190 46
757 325
255 105
739 309
540 14
419 335
582 262
618 26
262 83
257 141
323 292
916 304
277 15
437 12
733 277
103 267
142 384
604 296
360 296
216 25
957 147
147 324
467 223
325 17
932 347
381 392
922 41
704 48
994 68
493 376
547 127
119 255
764 38
134 237
18 91
303 148
198 205
173 274
47 12
761 19
743 164
9 395
159 71
82 127
385 214
295 50
182 378
351 33
159 369
262 132
414 122
405 41
463 316
737 296
247 13
907 193
881 342
634 171
140 21
951 160
544 129
31 385
285 310
355 11
709 253
470 86
347 59
498 275
804 295
961 332
45 54
207 96
397 199
198 292
889 65
608 275
272 264
317 67
613 42
744 293
998 270
678 392
789 399
737 354
443 68
239 51
888 331
312 199
69 265
46 112
322 318
528 233
180 398
787 249
207 250
388 177
612 265
429 26
587 285
680 59
92 63
98 254
997 217
613 248
834 100
120 361
225 100
149 286
647 348
399 267
911 327
712 351
970 86
121 309
118 100
447 254
92 38
556 136
138 219
648 366
294 362
889 75
517 124
354 92
605 79
427 186
609 147
771 392
74 241
987 301
557 307
888 177
317 370
424 62
402 183
922 192
41 230
424 51
481 393
355 132
490 221
577 269
353 366
200 332
691 286
95 67
160 169
839 314
78 276
514 398
989 215
107 199
290 80
388 148
54 64
79 284
607 251
865 357
234 117
904 314
762 273
514 108
368 384
614 367
432 389
794 234
619 102
271 94
313 65
337 280
753 31
847 180
190 197
923 203
876 330
563 251
521 318
877 126
889 386
257 249
57 384
172 399
233 334
329 321
983 150
352 317
230 400
557 133
546 159
465 213
61 384
612 102
367 116
335 96
842 259
7 315
510 377
731 150
51 277
270 363
440 60
734 28
648 90
640 378
437 82
856 189
131 246
947 369
107 197
899 330
902 337
689 382
238 113
798 166
283 127
563 200
705 293
512 180
66 296
504 147
510 390
786 382
898 266
951 73
129 36
322 238
109 251
407 141
37 11
471 399
611 338
947 23
725 30
89 95
344 182
599 67
620 246
930 305
44 124
61 292
965 207
471 75
64 400
954 383
424 242
732 198
686 288
931 208
407 336
25 343
192 111
433 58
452 276
867 339
810 227
644 390
689 260
99 271
751 287
189 350
532 318
107 205
874 344
664 103
886 355
75 392
15 265
826 174
731 71
961 162
150 328
483 313
407 191
985 18
672 186
236 122
950 24
309 169
226 356
243 367
581 92
342 315
253 80
972 296
923 377
961 392
256 263
688 365
703 215
712 373
510 31
629 275
215 122
49 77
248 125
825 256
434 197
536 398
452 116
906 364
303 131
302 333
325 89
575 102
411 261
441 130
722 217
720 195
741 342
600 286
702 396
894 171
977 200
705 119
339 236
457 178
814 133
669 244
222 14
512 98
925 183
502 139
901 62
376 32
31 253
87 288
871 204
556 295
137 37
750 386
691 86
793 380
135 288
572 267
787 228
915 60
615 222
403 388
767 42
136 12
65 265
895 381
124 77
885 133
927 234
714 333
845 48
947 133
537 218
617 104
866 287
907 301
86 275
928 388
461 66
369 393
177 261
871 44
39 305
142 397
137 229
866 281
57 42
242 277
495 91
964 12
868 383
592 166
70 260
397 160
636 114
323 284
637 51
466 25
348 380
650 240
369 261
578 205
43 125
168 144
317 314
178 178
346 114
518 271
792 355
860 12
838 180
477 215
836 308
107 93
858 304
752 206
545 252
585 57
748 151
438 113
759 199
257 385
700 151
599 103
167 47
269 304
840 357
845 345
950 201
797 44
923 180
737 317
239 343
775 182
341 212
64 287
306 116
891 160
690 317
178 395
661 15
912 253
53 104
889 244
766 395
783 339
430 355
782 337
583 231
272 184
943 216
317 213
152 84
465 229
139 142
250 296
835 163
193 29
940 298
753 395
782 276
104 323
537 391
234 274
846 182
518 318
357 312
29 43
137 396
927 253
386 361
577 164
805 370
892 226
218 143
875 16
971 322
773 44
839 103
787 129
656 164
241 217
961 327
803 183
711 145
304 187
872 264
495 95
330 301
653 107
510 173
502 375
165 85
144 291
89 28
170 369
607 394
930 388
332 239
878 26
807 39
274 307
656 138
583 157
490 57
888 295
215 230
171 81
900 80
269 202
163 37
923 353
224 352
669 40
106 126
406 32
392 234
877 395
754 21
111 124
702 38
212 353
376 250
248 143
173 368
136 256
793 133
740 351
532 34
484 326
33 312
71 169
301 285
803 94
661 377
940 34
297 91
332 349
36 122
71 99
121 295
928 349
464 173
389 360
737 215
470 175
384 397
65 368
71 190
408 294
765 177
315 381
739 112
180 297
77 57
909 54
459 11
993 379
177 73
973 295
407 177
452 267
371 14
389 278
948 65
865 395
5 240
106 241
141 394
97 42
516 122
103 219
641 394
605 41
780 38
735 46
175 349
655 202
533 262
494 198
82 260
325 35
211 305
823 344
346 207
555 43
870 153
104 135
788 235
425 55
234 255
160 200
730 123
991 310
95 190
862 228
239 63
77 387
912 329
48 327
55 127
986 183
923 22
722 296
718 185
329 251
563 40
146 201
334 137
304 389
497 240
932 229
176 363
81 204
241 350
278 11
178 229
733 338
842 254
269 79
532 265
332 47
981 339
863 294
263 331
147 366
496 287
357 115
362 341
856 170
166 382
379 371
589 308
263 104
969 228
587 244
939 300
139 217
268 301
525 10
235 250
533 251
749 114
900 393
598 91
141 267
572 239
384 47
799 104
300 53
37 24
210 314
389 90
586 12
824 95
330 70
473 371
143 224
83 385
678 249
785 350
58 295
313 361
718 30
400 349
937 183
921 293
354 310
729 203
768 275
534 16
495 300
338 331
614 352
867 85
391 330
458 31
913 364
985 335
242 150
67 294
176 63
436 259
760 89
480 257
241 15
29 335
457 61
540 332
914 194
398 146
449 190
208 252
475 327
890 85
695 114
209 163
639 269
112 194
160 177
547 335
164 110
603 156
50 70
382 310
586 152
505 136
777 140
565 195
96 187
736 327
358 65
320 169
155 216
445 221
855 284
711 144
997 294
673 315
235 143
382 384
526 27
535 382
527 312
131 180
664 397
870 203
45 101
57 289
498 213
432 94
486 95
268 13
296 26
796 35
415 298
506 330
311 18
472 274
769 151
768 350
893 269
481 128
232 245
588 189
701 61
979 216
574 258
446 327
235 196
484 235
425 39
363 119
649 270
19 216
154 377
721 66
742 291
392 167
351 143
991 182
867 151
886 353
460 260
624 377
887 136
367 395
334 381
390 212
582 286
842 311
449 33
695 100
341 250
26 58
52 172
114 303
370 154
540 35
269 363
595 144
460 360
802 313
749 183
981 345
225 50
958 105
945 55
109 391
194 68
665 207
674 98
716 111
397 60
142 370
488 187
723 334
568 360
990 140
725 389
541 292
84 244
807 352
593 339
101 360
199 64
107 387
640 79
924 74
962 172
472 331
622 166
906 182
229 56
452 262
553 220
964 86
754 36
933 49
956 225
710 363
765 103
405 74
926 262
279 213
319 300
14 84
863 61
92 177
623 216
122 251
570 23
567 302
687 75
30 310
769 118
965 260
481 71
705 296
378 24
300 294
769 306
580 198
825 37
443 70
663 218
708 92
184 173
555 268
774 328
24 186
393 17
173 206
605 362
969 140
112 80
911 386
422 237
175 212
292 237
411 283
283 273
270 49
578 397
17 164
636 71
962 291
758 287
656 94
98 281
549 372
867 367
24 190
467 282
113 30
273 318
321 275
29 95
744 65
456 170
132 258
728 104
936 375
543 237
331 31
273 48
363 353
226 167
925 228
154 359
192 266
563 165
907 325
181 240
69 204
333 21
607 91
146 231
879 393
687 358
280 335
955 40
431 296
367 221
367 253
717 46
71 142
7 208
403 13
281 302
659 74
755 25
667 353
9 108
6 324
947 301
460 360
849 164
355 251
540 109
863 108
281 300
398 205
906 269
513 371
868 189
659 74
208 322
329 155
403 309
765 385
550 338
260 366
139 331
264 385
670 11
667 373
766 217
695 266
969 249
483 375
775 232
449 70
984 321
68 298
168 394
44 95
601 86
616 267
862 194
799 35
298 305
779 290
738 54
621 380
867 59
490 367
560 299
924 316
191 24
203 345
568 34
891 391
187 75
773 172
568 344
858 357
135 265
766 362
610 213
126 370
52 30
182 141
642 34
562 130
290 138
582 24
137 180
627 53
617 39
190 235
343 271
936 72
848 114
942 223
212 101
560 317
869 138
814 272
677 71
966 243
602 91
87 199
768 162
843 337
936 238
861 139
368 182
444 277
197 86
921 144
143 167
874 285
708 168
746 263
941 359
258 89
627 344
784 136
301 155
566 190
711 195
141 250
116 299
663 394
417 188
559 36
111 104
90 91
84 233
741 387
401 205
893 42
161 85
913 327
741 73
749 116
703 198
879 24
460 149
117 18
342 52
893 362
72 341
127 220
428 19
883 58
138 336
1000 138
189 337
323 76
615 220
229 278
260 120
953 145
724 191
285 370
266 108
657 234
93 143
807 334
535 218
653 265
951 216
963 312
623 138
604 369
675 393
865 228
740 169
422 306
92 26
262 48
783 236
356 222
71 201
600 183
265 46
687 186
640 182
482 34
224 384
881 279
290 392
672 290
10 91
430 57
524 174
615 96
780 81
509 275
625 126
856 339
833 388
275 61
742 144
179 154
772 54
515 271
997 343
490 160
276 371
618 159
198 216
409 37
929 231
70 164
126 178
195 71
459 231
388 94
323 311
933 367
496 218
359 141
654 159
978 219
582 35
595 306
699 30
388 206
936 365
912 241
553 49
461 243
977 293
217 36
463 369
823 33
197 227
295 64
492 96
477 204
20 230
978 291
775 382
74 68
338 175
198 158
177 383
898 34
891 255
160 312
598 192
691 225
931 19
764 174
83 360
647 216
472 263
893 137
986 375
798 218
461 358
127 240
470 289
531 167
719 225
924 369
517 254
66 314
341 317
535 378
501 259
736 257
715 370
298 125
43 113
723 272
146 354
670 32
9 258
42 319
859 105
527 295
425 330
904 62
628 213
641 182
903 305
643 268
727 117
680 41
688 14
332 100
713 13
362 100
545 71
769 104
718 35
726 188
177 67
815 67
911 356
452 365
684 309
800 154
996 282
456 20
477 303
716 311
999 291
404 103
560 86
690 51
352 375
466 51
508 320
913 25
34 261
683 397
235 160
548 60
605 284
886 331
623 268
559 117
837 242
853 280
873 320
479 378
720 267
10 294
995 56
769 283
35 37
703 159
183 144
254 210
726 206
519 129
690 367
876 108
222 202
545 357
961 97
760 109
171 275
951 367
972 303
695 49
322 210
310 79
218 349
481 334
457 308
226 373
861 247
750 358
75 187
911 376
279 11
808 175
930 338
371 203
263 86
610 315
728 77
245 391
698 114
646 274
433 399
173 315
337 250
881 356
155 34
531 83
571 11
528 235
370 222
322 187
824 81
158 361
689 216
316 144
454 139
831 366
294 25
774 27
789 150
732 118
581 333
200 370
170 177
85 318
471 89
307 384
113 189
170 310
934 361
656 186
294 205
524 289
304 56
236 337
139 75
989 161
946 20
529 288
95 176
405 310
948 321
490 86
93 160
290 58
132 326
760 147
838 62
487 20
848 322
332 299
262 63
332 322
454 36
901 266
859 379
976 256
462 67
590 362
124 369
903 367
603 173
432 218
789 194
478 339
17 236
97 41
552 121
804 367
930 273
606 26
55 256
111 36
934 168
381 361
667 169
714 356
37 243
867 382
318 188
90 58
130 272
220 97
875 377
538 321
509 393
392 213
71 265
426 42
976 100
107 234
999 169
304 252
438 281
704 247
930 361
16 46
613 211
802 259
757 379
815 14
256 211
994 213
463 37
470 300
602 352
871 341
288 322
452 282
948 321
837 343
996 369
757 384
998 249
311 179
854 268
365 268
241 165
991 305
485 311
170 222
257 324
40 255
542 105
36 57
845 271
588 126
849 134
750 336
920 118
111 358
330 277
581 344
354 311
639 153
349 349
614 317
559 58
597 394
976 335
31 355
674 63
721 342
927 161
75 396
716 117
332 56
891 394
915 388
697 305
174 298
155 302
518 94
24 381
929 373
131 57
386 132
250 232
536 58
898 382
181 284
893 336
616 34
572 169
228 109
278 27
795 260
383 265
763 16
764 277
742 283
976 243
229 26
546 177
62 343
610 393
693 214
296 335
779 349
155 348
744 157
425 42
40 154
637 220
612 77
249 338
501 101
877 289
975 151
795 147
420 40
550 259
183 90
372 303
590 326
958 331
285 84
481 322
953 29
689 208
631 57
497 80
95 219
942 218
50 145
501 85
599 121
592 320
695 298
221 270
345 88
202 158
920 102
80 362
352 208
374 365
399 115
36 97
296 107
934 291
832 226
922 155
469 340
588 42
299 34
657 225
963 91
159 350
881 161
614 95
793 119
235 251
68 394
604 37
107 71
432 246
24 312
144 147
6 26
551 204
873 101
963 114
99 329
449 315
788 393
902 391
17 222
709 100
621 319
836 75
519 179
926 278
521 301
996 254
887 169
584 328
602 79
966 28
215 392
375 274
666 391
115 329
858 181
788 52
584 51
333 16
127 314
666 33
908 133
815 215
513 137
998 154
315 237
44 99
814 198
534 314
111 76
984 350
899 198
698 393
79 230
198 318
129 226
457 234
778 92
111 202
95 379
574 240
719 53
181 396
846 274
14 79
745 388
255 273
368 304
75 307
289 312
122 356
934 264
41 14
916 218
704 110
801 34
284 379
479 129
371 187
566 136
99 50
336 325
268 85
877 231
812 41
751 332
232 300
180 119
503 389
214 87
436 108
340 289
819 32
917 230
996 77
195 104
147 203
715 210
44 365
229 374
241 53
62 154
756 354
557 66
324 21
169 207
831 208
616 134
346 151
680 294
863 364
266 293
105 140
246 332
154 155
583 51
861 154
230 100
19 153
355 354
323 373
704 100
298 367
248 349
732 264
139 344
815 363
186 94
836 343
151 243
275 319
306 107
314 114
354 159
406 281
11 74
943 317
877 277
387 319
684 283
973 169
564 175
232 168
825 381
234 369
223 127
625 389
639 17
873 388
462 50
287 124
749 72
41 207
854 130
937 158
351 192
159 345
862 165
502 331
178 15
437 338
87 246
290 111
185 371
457 223
958 274
754 253
403 227
476 40
360 25
378 381
857 102
189 35
149 275
203 270
509 127
434 328
475 140
993 253
961 132
125 170
692 104
691 86
995 85
201 368
658 84
717 196
908 304
873 19
678 326
963 19
708 44
955 174
910 242
628 113
640 356
786 297
783 309
853 229
152 41
92 234
853 304
355 375
278 324
78 287
371 371
726 256
616 393
8 51
611 169
772 205
265 337
477 209
178 356
564 111
906 271
807 224
896 30
574 98
310 236
946 325
67 222
939 32
752 171
924 359
661 385
513 393
289 370
843 325
517 162
545 211
236 397
353 238
827 19
237 139
314 14
693 68
900 159
506 385
287 30
54 347
159 372
438 29
452 197
838 145
449 161
383 59
805 392
77 182
915 299
727 259
272 149
736 63
224 59
314 339
111 328
384 32
993 394
21 227
639 339
102 253
384 394
239 40
85 178
306 298
663 277
985 39
257 209
695 23
148 259
867 128
720 359
60 321
790 277
490 239
151 131
188 353
208 30
721 63
120 25
138 320
323 108
351 352
523 52
323 249
704 213
174 230
510 68
137 165
258 235
524 350
417 145
950 227
119 108
455 124
313 354
693 225
356 300
592 63
11 59
991 189
756 355
633 307
433 124
824 321
215 141
538 338
523 157
143 398
911 355
149 299
829 53
783 389
164 182
988 196
654 129
218 45
386 94
226 239
791 204
19 85
394 179
821 194
937 29
864 49
914 274
79 297
540 392
512 165
937 359
399 263
981 15
426 224
390 307
747 49
166 351
604 31
120 183
671 299
854 48
276 121
490 106
765 33
719 330
324 249
809 297
892 99
628 55
935 343
66 245
218 326
781 375
899 13
249 274
862 393
182 115
555 72
406 344
412 25
809 214
401 48
693 43
993 56
326 390
353 257
840 390
14 116
254 32
840 169
513 347
420 343
881 301
407 85
259 64
334 262
596 176
888 19
856 278
512 121
519 350
226 389
162 33
84 60
62 142
436 313
414 14
738 249
484 321
606 156
312 302
52 255
996 302
594 274
464 260
674 255
715 191
79 338
233 87
146 288
877 386
713 313
231 126
702 351
438 330
356 295
968 258
103 241
408 395
839 180
7 350
429 273
272 169
382 101
144 77
188 152
179 308
29 228
816 309
38 331
446 12
870 381
391 324
991 162
649 148
913 302
296 97
316 304
445 281
925 284
645 220
766 298
914 219
141 111
968 365
183 381
58 194
817 188
34 290
289 39
775 337
817 50
131 364
966 257
353 242
723 62
845 159
357 371
703 351
570 218
265 251
299 327
949 371
808 117
489 159
522 329
459 159
578 337
161 217
420 123
82 347
685 356
331 129
373 206
693 145
22 147
350 128
122 155
977 376
28 22
870 148
33 26
853 20
436 240
28 151
365 106
644 370
474 109
262 387
990 203
548 214
751 85
771 285
571 76
606 172
110 144
562 371
653 145
27 150
273 144
896 24
945 399
214 162
449 361
846 177
485 17
538 163
915 379
480 142
47 234
235 243
743 300
52 163
995 70
274 134
698 329
376 150
595 181
397 90
103 41
974 167
819 285
336 14
634 109
8 171
464 393
223 124
995 371
181 286
837 206
193 242
108 103
807 364
179 203
88 35
354 90
684 317
380 336
630 242
260 274
335 312
284 165
558 225
981 240
844 321
639 325
805 206
259 181
355 220
916 360
71 115
51 266
20 122
637 156
276 317
826 379
707 389
99 38
505 245
98 86
629 174
957 236
233 330
746 152
132 87
920 297
679 84
29 23
10 290
139 256
741 204
852 334
631 236
37 264
284 216
876 183
964 349
156 147
318 307
379 368
126 291
799 398
920 121
567 78
387 249
756 285
408 70
351 168
449 355
469 303
296 139
766 212
902 121
12 255
904 389
771 255
170 19
171 371
94 39
492 378
83 22
885 289
141 68
337 391
943 237
988 299
18 118
788 344
681 272
603 290
340 163
173 312
325 319
769 355
374 180
650 138
179 370
562 111
837 345
258 308
338 253
766 375
760 111
138 281
217 41
599 40
513 358
586 212
490 226
648 194
378 306
804 336
916 387
401 147
942 185
565 234
206 307
212 65
519 117
585 92
887 281
717 242
850 82
707 209
610 135
690 351
808 174
104 291
495 279
964 172
768 356
540 94
156 326
516 304
792 147
673 309
342 218
939 306
87 226
498 23
448 209
445 306
329 281
183 86
217 175
283 312
724 356
170 118
332 100
981 197
562 247
373 165
206 351
134 300
927 323
462 88
811 351
281 81
981 250
240 106
459 203
259 61
505 208
224 96
663 338
287 182
455 195
407 241
94 276
308 207
138 98
345 258
724 249
899 35
912 255
988 314
532 276
60 42
773 360
454 246
570 110
54 238
769 37
595 357
338 123
382 271
268 253
823 137
279 69
204 334
266 388
219 311
164 383
887 45
314 283
553 358
195 51
94 283
160 87
352 253
310 369
194 257
406 103
288 294
83 190
771 262
534 391
579 88
77 38
680 275
128 355
340 142
457 305
258 257
61 247
589 259
294 338
750 187
184 219
634 155
831 187
600 26
690 78
705 125
738 180
181 400
451 326
606 196
115 133
924 98
385 52
829 115
684 219
322 301
855 214
91 167
972 91
172 79
701 168
984 370
458 352
774 207
88 81
295 353
966 281
197 61
379 74
715 17
572 201
978 346
21 231
364 18
878 345
217 398
487 238
611 99
315 65
347 276
795 356
200 212
291 262
390 274
399 309
66 343
686 52
999 288
614 193
639 218
207 274
410 167
604 57
206 108
7 119
727 398
375 369
796 302
356 352
349 241
563 392
875 62
927 336
439 314
401 167
245 364
482 325
6 361
568 156
780 358
767 11
400 179
785 11
124 354
578 245
592 248
58 345
984 249
125 98
458 183
35 236
622 156
491 348
399 189
158 41
375 395
29 60
145 316
586 119
545 61
707 179
156 315
22 212
916 272
306 47
12 182
328 72
44 184
81 68
849 282
717 331
572 181
922 325
270 26
573 350
723 287
18 27
816 121
231 129
450 368
622 46
204 209
774 36
62 239
854 358
728 311
472 313
624 278
537 15
546 144
414 368
723 147
409 215
974 141
299 103
51 269
91 103
992 358
811 24
725 261
846 388
209 363
869 140
395 30
573 190
815 60
225 117
79 86
793 26
197 304
289 238
990 296
382 87
351 163
868 151
495 194
383 238
259 385
142 117
909 189
349 391
659 396
405 283
654 397
860 261
890 132
631 229
496 326
443 384
452 298
370 68
925 20
310 14
964 166
353 49
496 253
994 73
396 151
825 91
54 324
710 84
961 97
86 38
438 221
65 116
865 387
31 290
751 361
86 357
176 56
728 26
39 76
768 353
540 330
21 349
913 357
329 112
365 66
614 310
994 194
206 124
306 72
694 344
59 31
998 56
976 312
133 226
305 371
278 141
826 395
881 110
832 334
568 145
274 307
343 99
510 172
106 154
271 195
899 18
600 160
686 61
449 129
413 46
655 272
380 291
293 181
734 208
134 69
879 41
311 276
42 121
202 394
45 191
944 278
890 365
94 188
815 261
147 106
9 208
141 49
150 213
107 99
706 11
773 302
182 172
292 361
308 363
548 223
767 137
516 351
580 218
388 205
760 191
430 143
145 392
290 170
602 200
28 204
168 263
239 234
216 324
507 356
89 126
938 349
297 105
295 33
57 73
200 329
600 65
721 208
376 268
217 304
21 24
336 265
202 35
470 77
617 77
290 192
676 160
947 212
931 31
158 121
548 204
840 22
223 162
102 167
590 359
684 104
751 197
39 327
450 77
856 15
93 375
789 75
363 184
909 57
981 107
951 50
214 15
861 317
874 320
583 118
78 395
948 276
554 27
218 122
265 63
352 239
123 115
984 301
438 63
968 305
140 25
822 20
201 243
985 380
615 281
448 302
348 258
343 44
990 95
668 297
236 191
595 383
413 123
263 91
533 13
392 238
35 276
703 11
321 208
743 222
51 174
131 225
866 221
378 136
506 390
714 376
283 84
420 103
564 219
216 79
765 126
425 121
187 226
453 64
15 294
589 226
449 174
706 148
691 390
465 376
510 325
174 161
935 325
435 267
477 277
149 284
373 233
396 66
416 30
253 40
291 245
213 186
681 242
548 178
956 384
692 285
493 75
864 167
761 310
977 207
126 85
429 255
560 186
266 22
135 225
961 120
463 153
633 286
895 47
34 184
378 378
859 18
721 262
414 343
399 246
508 365
861 238
289 147
478 70
831 17
646 362
953 390
100 102
832 100
691 292
305 187
301 46
529 239
645 248
498 196
636 259
593 264
173 275
934 144
124 135
369 101
29 50
36 272
261 30
459 175
974 369
663 237
883 43
915 254
899 188
352 201
384 318
62 120
654 91
106 63
317 342
720 188
486 290
206 215
619 292
915 380
368 163
729 207
426 131
712 151
82 69
342 387
984 305
922 383
661 372
552 319
270 105
932 49
663 109
919 103
279 159
619 182
928 36
383 231
644 394
544 268
281 35
509 171
146 171
575 108
479 174
547 378
881 139
445 47
340 387
724 226
473 80
247 199
886 309
80 316
712 158
566 166
269 208
125 359
118 161
264 227
952 312
432 310
693 338
969 13
422 339
593 144
246 382
829 216
792 215
583 367
763 141
227 358
401 226
690 248
352 69
532 351
472 223
125 34
634 70
101 25
673 321
723 249
579 101
96 213
925 341
585 104
241 30
62 193
835 385
779 328
201 381
807 38
652 378
336 244
33 275
455 16
360 353
768 391
520 296
84 378
635 257
881 345
252 379
611 48
989 214
303 197
226 295
170 173
27 101
48 63
745 155
485 196
61 311
112 313
244 213
444 386
847 16
995 215
87 131
544 57
301 133
380 158
593 136
524 305
413 174
56 346
266 365
679 293
565 382
549 296
285 245
552 217
503 162
621 133
971 334
490 271
926 168
177 320
356 345
445 128
526 368
521 101
988 210
471 299
171 201
76 268
276 346
646 110
790 206
947 85
58 62
709 155
410 121
358 187
206 146
226 395
465 200
759 179
55 208
156 388
340 330
326 174
642 375
982 238
478 33
346 349
987 328
493 302
268 396
561 318
712 272
39 118
928 399
642 207
472 312
128 186
197 59
234 29
6 383
159 191
639 250
699 231
713 271
770 53
625 54
856 189
52 247
767 17
43 45
384 169
284 337
177 378
969 285
864 61
300 20
515 281
10 153
486 399
9 304
318 393
551 53
938 237
606 378
93 247
820 93
869 87
769 299
785 306
34 224
821 70
628 192
175 145
576 284
868 280
452 49
644 311
823 227
728 93
733 261
252 193
58 136
302 145
332 271
277 96
356 358
873 293
902 107
425 32
983 61
300 98
882 362
178 177
444 351
940 237
814 267
159 260
673 195
20 27
737 48
875 235
946 283
105 307
963 63
433 110
213 149
518 325
66 96
52 255
859 322
174 378
808 152
657 186
239 300
500 352
968 229
773 173
943 181
89 14
469 255
491 316
138 365
557 72
796 119
37 126
48 242
706 219
563 351
862 330
500 19
385 279
592 227
517 220
994 334
142 29
15 24
379 293
150 256
441 297
828 235
821 382
946 377
62 148
129 48
646 258
395 103
988 186
419 267
437 70
219 332
616 122
30 254
814 301
572 351
452 208
899 308
962 389
18 260
840 156
638 44
262 180
505 69
444 288
785 57
151 188
994 145
951 33
158 38
407 158
560 371
569 284
533 29
484 399
581 227
393 260
563 170
56 217
99 312
542 158
742 292
662 134
418 67
194 63
296 394
327 11
151 46
306 320
876 117
993 203
193 215
32 161
341 119
866 39
607 380
177 229
176 30
138 239
8 75
19 384
311 267
472 258
800 371
833 161
44 50
710 399
301 25
625 28
441 102
18 318
770 147
576 370
608 294
552 287
973 219
657 297
62 235
785 377
678 118
318 99
291 106
593 266
444 362
114 63
30 281
911 105
87 63
329 158
185 350
19 142
932 358
920 258
414 324
199 96
719 162
202 256
183 121
579 339
904 75
926 369
890 374
839 148
949 200
302 12
394 24
720 15
918 214
471 328
600 377
70 381
603 288
955 135
604 287
528 80
710 145
987 56
289 378
227 313
147 26
562 321
30 229
963 247
396 269
420 164
525 363
961 311
341 207
445 63
521 197
939 400
538 99
911 97
371 119
430 192
68 352
745 118
802 299
783 318
217 167
703 148
405 43
502 333
914 17
937 150
440 281
515 238
613 110
696 326
982 263
427 334
251 391
679 88
677 212
192 54
143 377
370 108
497 242
957 261
808 295
477 84
326 315
642 315
308 227
669 81
941 384
15 366
685 296
40 291
630 61
931 314
441 355
49 248
825 52
42 48
198 43
557 163
387 218
594 332
5 213
360 144
812 331
977 389
507 187
401 43
565 327
506 161
657 67
398 222
300 371
569 165
621 188
285 242
522 372
254 309
663 141
527 42
950 27
78 14
67 355
717 94
209 19
316 40
214 118
585 54
586 268
456 348
140 308
314 224
359 38
879 271
537 275
197 23
587 343
943 245
785 67
537 184
393 322
221 192
326 185
115 353
914 223
443 194
302 120
424 95
197 343
741 194
828 281
970 70
900 347
748 313
457 254
373 18
813 100
888 35
149 14
407 357
245 131
983 378
202 342
875 56
58 333
935 278
360 123
399 16
207 225
100 70
341 199
587 383
304 45
208 256
200 85
986 20
687 24
255 183
426 398
206 318
108 125
781 216
471 177
621 33
154 129
74 85
581 374
954 217
174 45
218 392
861 57
371 59
584 63
193 78
620 330
44 91
132 249
382 225
701 252
896 30
970 24
110 189
864 270
712 324
530 39
188 14
223 146
497 119
902 286
426 312
137 80
739 72
447 280
82 64
260 141
334 322
503 206
979 381
861 398
755 153
812 136
347 203
353 243
57 92
859 318
63 124
530 398
149 346
765 143
334 142
176 393
186 278
766 238
950 135
508 158
894 173
192 396
579 262
411 161
926 374
925 230
760 289
210 77
505 20
37 93
31 374
384 61
346 32
891 296
658 286
606 64
931 359
840 170
44 184
636 362
90 45
451 71
949 339
98 134
12 303
213 260
807 143
990 93
291 26
245 232
710 298
699 114
456 156
577 303
203 162
54 356
816 75
605 91
31 49
600 168
416 360
152 172
644 282
117 13
626 124
523 135
493 235
11 367
497 162
521 38
492 390
342 381
577 52
938 133
738 181
342 109
120 197
621 72
366 284
867 175
645 281
660 224
815 216
708 259
797 350
533 220
739 209
733 350
551 371
61 87
837 283
320 384
603 132
211 227
649 146
617 111
175 217
614 108
315 254
545 367
48 352
779 100
153 261
314 84
459 77
542 310
34 250
440 65
127 107
203 83
636 15
420 95
150 240
840 276
456 362
84 249
866 282
555 49
88 194
761 383
271 229
669 269
767 203
757 357
688 200
105 218
568 347
679 14
672 146
86 176
954 336
47 155
945 262
797 259
291 170
849 168
689 330
359 18
310 60
521 103
852 229
330 153
723 280
272 152
549 198
992 141
898 399
280 141
938 20
810 365
269 110
6 361
39 179
136 196
685 314
575 227
658 246
77 377
629 11
171 149
987 222
146 261
591 108
367 361
242 152
120 23
626 311
275 270
804 56
713 337
706 361
200 350
36 299
351 326
413 50
960 282
968 138
225 94
85 381
118 142
183 252
619 252
573 211
522 350
140 55
895 119
552 209
394 63
95 220
990 35
513 52
167 337
200 123
350 88
371 288
509 208
176 33
768 297
651 176
632 319
627 310
394 253
989 205
311 192
84 13
704 12
681 11
515 261
259 59
834 136
316 313
920 387
734 264
517 114
351 280
688 331
981 370
187 164
923 169
489 225
35 362
139 247
511 20
196 77
562 30
149 22
992 83
424 252
533 163
409 275
830 14
71 311
488 126
183 232
866 56
664 211
357 183
129 178
475 187
878 343
515 164
936 83
158 183
696 184
345 82
878 392
779 57
851 88
518 361
590 170
664 347
971 359
668 223
759 362
225 33
880 398
167 192
67 43
920 72
704 190
636 201
434 172
975 370
180 370
479 210
187 222
961 139
333 14
258 41
74 49
991 378
458 146
990 95
648 333
696 76
280 119
904 311
725 258
646 159
142 279
527 298
667 172
541 263
70 326
347 128
149 114
342 166
362 185
146 303
299 125
37 99
691 323
340 198
81 371
775 280
908 87
772 231
899 96
586 158
906 232
561 213
613 45
660 218
342 351
204 60
559 227
783 170
233 289
622 120
709 266
973 349
922 154
50 132
477 172
46 320
556 179
629 68
59 332
136 41
846 375
315 167
642 192
806 55
495 392
936 122
137 194
851 393
811 292
928 223
219 377
823 63
739 174
243 366
380 319
390 265
532 54
374 161
536 75
210 98
913 222
986 115
718 164
10 67
428 114
70 282
360 146
793 341
100 182
388 248
870 221
214 202
940 389
535 196
130 288
119 362
699 26
97 265
225 89
894 32
766 186
964 314
631 42
924 181
200 80
462 186
157 88
174 223
133 184
625 381
259 222
491 97
878 385
165 139
67 281
650 383
322 29
1000 200
134 17
166 369
804 163
444 375
683 127
898 24
197 11
561 316
180 64
153 230
974 144
701 40
806 46
616 231
96 338
345 308
100 256
675 350
692 242
497 186
919 289
662 237
765 375
315 325
415 266
529 166
243 46
658 263
150 50
861 304
164 325
6 86
429 299
851 38
998 217
860 250
414 378
225 336
487 240
642 54
652 101
98 114
655 385
199 382
265 12
422 191
981 28
668 75
880 267
140 375
997 305
748 153
255 90
625 235
969 42
796 69
157 356
189 353
933 377
900 294
217 12
190 104
67 114
35 150
938 303
402 159
57 127
417 232
916 21
562 211
859 312
982 137
109 180
698 151
838 88
516 195
144 371
822 248
29 110
773 185
375 78
846 69
182 287
871 391
357 292
632 270
751 307
82 115
977 71
368 160
116 290
780 345
170 25
500 279
373 289
732 23
207 336
885 196
997 297
986 11
810 274
569 24
474 44
669 90
564 214
644 372
190 45
580 353
140 161
333 265
997 384
239 24
755 371
925 207
480 196
350 99
197 96
145 328
527 123
305 387
127 192
79 71
647 12
231 97
393 388
65 89
629 242
384 186
385 108
869 268
930 43
738 170
845 197
427 275
862 14
502 188
447 21
657 362
595 58
908 369
759 303
493 298
954 172
476 176
551 109
669 311
397 17
630 335
87 13
346 347
352 116
337 202
546 322
246 369
317 359
435 45
845 285
523 223
320 158
923 341
313 79
981 165
739 138
250 244
628 352
459 372
991 153
611 233
355 220
9 33
797 236
813 240
797 123
228 148
395 250
694 94
342 158
987 46
567 208
871 16
408 378
843 246
494 96
95 380
228 151
119 255
353 273
370 313
79 19
948 121
520 244
414 108
137 138
222 239
661 158
254 272
91 109
987 280
637 369
422 399
477 53
703 29
395 77
571 40
960 365
529 233
526 116
440 321
844 236
420 178
591 61
36 118
104 12
254 120
72 227
986 312
476 17
431 86
597 189
621 157
812 283
98 286
618 282
833 154
994 65
675 285
611 159
747 393
403 76
284 247
804 27
828 13
533 182
686 308
849 344
824 369
636 267
416 156
586 167
13 264
482 33
36 137
862 353
616 304
405 96
125 341
401 193
338 243
987 95
929 280
765 151
363 383
132 165
448 230
486 96
260 172
45 180
445 29
862 174
117 171
48 356
743 297
239 204
21 284
677 264
789 111
252 238
205 50
104 233
520 14
886 115
953 47
682 309
488 127
244 41
371 194
941 311
28 337
488 332
208 352
940 40
589 165
679 53
920 382
369 306
771 365
390 188
934 123
410 140
943 175
311 313
687 125
325 12
253 306
707 395
356 190
668 385
616 19
944 57
47 342
775 36
430 284
985 274
335 397
199 29
948 178
254 72
172 283
965 55
347 36
843 140
296 252
359 386
757 394
27 307
848 39
126 227
208 124
774 338
573 169
106 14
276 50
793 55
492 247
420 70
174 200
947 328
371 35
491 155
50 206
564 322
653 68
895 77
655 222
195 65
499 399
20 183
216 274
922 343
799 214
120 52
762 329
857 26
873 370
583 18
169 399
449 356
155 172
149 282
857 371
718 86
354 298
689 79
192 175
344 83
817 286
693 127
798 397
783 190
523 386
857 164
744 15
990 120
669 240
616 325
428 355
983 186
522 83
190 28
110 97
200 138
142 245
115 52
934 79
299 324
182 262
806 256
185 184
99 212
495 201
346 281
17 390
384 278
710 399
143 120
547 269
190 343
747 33
381 56
464 365
461 78
431 385
957 157
548 289
157 16
383 389
856 31
266 254
980 236
694 118
580 389
303 251
858 260
169 182
711 227
630 193
361 139
562 193
593 114
939 110
586 332
532 70
658 173
918 347
591 125
212 370
394 363
24 381
377 182
243 261
545 277
376 289
676 102
102 203
467 330
525 350
390 113
209 393
257 197
937 201
160 63
272 368
889 211
155 358
653 327
488 231
94 14
220 385
654 167
415 92
373 388
920 332
514 207
768 299
959 237
379 360
283 36
284 232
330 96
198 177
561 289
999 240
121 97
417 199
578 29
985 322
83 330
766 97
919 265
16 229
349 26
295 339
212 107
468 154
122 215
242 271
311 48
588 47
961 347
645 309
424 343
628 62
346 242
638 351
519 47
631 51
929 196
631 90
582 200
671 215
419 259
594 172
410 155
317 395
799 110
183 266
161 71
879 15
396 383
182 375
579 360
509 377
657 140
496 79
980 245
906 287
626 28
738 354
420 276
891 44
574 368
873 304
337 207
573 308
122 50
365 175
640 45
274 393
754 211
331 233
456 229
861 253
799 30
229 16
397 183
791 254
837 137
853 304
840 49
226 145
582 289
504 56
761 151
914 242
231 295
598 352
78 290
95 150
353 57
318 13
140 26
458 14
192 264
31 132
734 356
625 72
535 58
348 210
152 57
623 61
523 82
834 43
118 321
624 183
511 146
854 243
279 25
718 219
330 350
382 213
846 214
663 16
720 234
682 325
431 149
780 13
385 26
535 110
318 283
467 255
290 268
795 273
650 44
311 99
755 205
328 323
495 333
949 77
531 192
768 327
357 350
704 390
672 149
500 191
706 267
690 87
620 26
170 208
107 34
824 25
66 122
570 300
638 265
567 158
943 355
567 49
834 16
685 136
467 104
111 143
174 375
799 309
578 248
248 305
204 33
59 44
131 56
481 366
721 371
228 122
973 67
428 249
495 31
841 343
192 206
239 26
716 31
952 293
634 342
665 186
576 383
349 141
46 48
359 374
534 376
524 367
691 72
74 347
597 285
39 272
631 159
720 226
537 360
223 367
615 10
832 315
420 195
548 196
475 334
773 117
695 163
726 281
290 81
429 395
254 230
464 144
35 140
297 28
191 23
763 167
21 109
721 301
164 244
391 277
624 245
301 220
227 337
120 393
539 256
684 149
180 396
130 74
910 181
301 138
452 12
544 149
169 195
194 351
363 103
23 376
373 98
377 54
400 279
722 290
605 367
87 333
482 28
992 61
841 198
500 163
574 48
138 119
157 123
844 50
88 194
859 330
450 262
952 186
713 303
320 300
997 284
118 81
422 326
467 81
82 311
259 351
723 52
70 349
46 217
248 372
487 318
75 104
764 267
857 80
466 152
970 194
724 222
994 107
448 37
833 201
135 366
610 113
42 356
231 283
613 391
752 139
397 94
157 289
616 48
911 86
871 191
338 164
867 398
640 215
737 328
532 79
615 25
820 334
340 91
400 226
806 362
393 301
28 114
374 340
279 39
645 198
823 305
170 241
805 243
836 175
565 284
623 317
542 137
512 315
727 133
438 121
785 85
603 239
362 108
489 366
860 302
254 386
499 325
268 124
59 217
202 298
32 349
506 249
928 149
203 295
183 178
631 80
69 335
293 149
123 389
697 55
911 198
706 12
96 335
942 364
206 111
896 307
42 182
188 28
909 36
896 213
283 212
49 376
962 60
952 15
34 257
873 351
984 102
286 124
297 362
19 160
369 25
94 202
419 23
42 153
347 304
674 207
344 278
847 223
603 40
303 75
382 305
486 212
317 239
307 238
34 85
465 131
398 44
349 371
756 246
816 201
411 196
720 122
157 242
745 65
98 265
483 38
614 326
934 61
587 36
410 45
297 111
85 63
958 112
764 94
415 271
383 171
571 191
546 256
8 158
474 286
963 306
754 105
974 31
782 300
131 357
474 227
796 242
14 383
687 94
130 383
235 320
578 109
557 191
711 226
379 98
322 383
791 123
848 164
815 147
574 373
887 35
266 33
72 281
815 266
703 178
405 124
863 19
253 253
700 267
227 169
847 387
280 290
512 393
26 378
899 321
122 15
88 96
731 191
375 396
745 53
561 237
521 56
636 321
558 249
709 76
862 169
853 95
756 102
509 359
916 107
269 220
455 322
348 19
417 147
608 119
489 75
531 374
530 40
99 101
404 239
703 34
102 237
818 153
547 291
293 44
806 351
682 320
982 295
842 142
101 322
283 58
936 203
364 24
677 74
144 227
325 112
651 159
783 37
730 105
604 172
627 123
560 124
983 204
861 337
592 250
235 182
636 13
178 130
26 18
28 57
295 67
932 222
991 199
150 345
1000 112
639 164
650 60
407 105
765 129
453 256
50 158
417 321
40 107
14 13
32 297
148 177
884 74
125 82
159 117
95 26
838 289
597 365
192 337
294 81
854 298
582 321
921 294
413 46
722 369
306 189
335 361
54 243
654 121
705 213
210 307
146 307
538 261
569 43
368 341
411 161
840 318
734 398
323 228
849 170
767 364
418 325
68 164
639 264
279 218
191 244
627 170
829 205
569 324
418 47
918 391
862 34
8 226
218 133
490 177
182 165
394 41
984 74
649 193
871 178
133 370
434 201
332 332
289 377
278 337
79 161
497 144
453 113
961 43
180 381
396 236
649 141
284 97
105 198
311 150
931 227
267 345
667 389
530 112
269 129
683 105
872 360
576 134
793 195
17 292
95 313
89 273
78 324
760 144
191 177
51 253
398 356
885 218
722 77
449 373
255 300
786 180
979 164
709 30
960 41
913 20
708 396
567 208
587 72
464 360
677 98
441 386
427 215
408 180
834 312
967 364
444 194
693 53
739 107
699 216
111 79
539 317
392 262
797 162
77 327
480 379
728 384
475 146
226 237
57 293
910 225
553 292
102 132
187 369
755 303
416 210
165 400
777 392
623 247
519 294
936 247
342 88
689 280
410 124
240 105
455 258
588 40
310 324
751 79
363 143
205 45
843 102
614 298
839 130
639 58
396 308
573 225
840 33
420 155
560 99
120 139
840 36
849 174
425 219
358 82
75 213
647 257
735 47
347 80
546 166
395 314
392 77
282 233
433 99
780 181
229 145
621 250
599 224
877 390
845 357
972 75
951 387
821 357
633 46
828 218
855 193
951 320
6 389
221 261
872 229
816 18
534 19
67 391
145 230
92 151
692 52
676 269
213 297
307 280
913 135
572 55
928 215
123 264
28 247
814 251
745 241
593 389
671 272
768 207
239 303
422 132
633 298
284 287
960 138
247 17
141 291
72 238
209 342
85 49
904 376
990 107
462 52
668 70
175 151
842 351
473 134
283 42
253 129
522 179
769 336
13 275
807 102
683 15
239 359
917 216
734 155
11 360
822 112
557 170
680 93
712 78
442 244
773 322
178 208
676 74
148 126
122 358
269 185
253 348
957 99
508 327
648 75
47 303
506 43
506 38
575 290
497 307
615 119
655 351
440 157
50 331
336 267
719 210
223 53
505 225
390 355
958 287
424 170
404 233
485 338
862 298
918 38
404 53
880 352
741 396
282 371
243 224
716 315
815 52
706 346
786 276
777 323
149 256
533 43
781 26
617 190
410 394
429 254
83 40
788 258
274 33
128 323
555 282
142 25
820 174
615 85
694 52
476 295
718 167
885 383
207 50
909 101
798 393
559 160
36 308
528 139
665 267
70 82
711 316
566 309
66 59
804 361
921 148
433 264
824 82
726 235
980 172
663 319
460 364
268 73
184 141
656 141
906 153
68 277
366 73
993 26
600 197
151 287
24 361
469 56
326 186
665 15
238 379
542 51
134 243
829 359
976 348
182 35
172 122
476 346
683 77
275 212
330 91
880 135
567 57
144 192
157 221
140 70
987 381
606 244
567 149
694 354
403 72
465 102
212 126
212 386
855 286
336 198
37 136
992 170
509 114
895 40
734 266
553 341
817 184
473 12
358 382
664 307
439 49
100 49
457 242
394 157
10 115
615 391
771 43
892 56
957 239
407 249
714 220
802 68
264 109
677 194
691 347
51 224
446 375
591 295
869 38
36 240
638 89
625 375
987 373
52 312
611 113
37 24
316 50
573 113
262 30
530 91
181 67
233 242
475 276
382 226
931 205
639 375
809 62
224 142
218 219
485 399
824 47
164 37
572 135
400 25
266 294
773 244
807 251
12 339
338 280
369 89
926 329
981 271
837 396
146 116
266 306
62 353
647 310
674 344
891 291
589 105
525 127
385 353
761 119
585 312
177 190
995 23
53 255
748 119
816 110
716 63
388 102
757 370
389 237
580 254
207 223
309 295
138 168
142 308
703 370
765 24
276 194
991 290
167 157
982 393
51 194
301 35
748 237
100 333
784 252
35 341
833 235
666 392
703 393
905 365
933 30
104 151
52 31
283 333
629 57
671 82
241 326
19 227
13 73
818 371
630 329
469 299
589 354
93 365
165 271
710 214
800 92
677 208
667 66
695 350
431 233
620 353
530 306
675 317
931 32
916 24
466 65
602 315
272 117
792 336
89 231
88 202
340 75
915 367
639 182
280 126
156 19
87 78
799 128
224 280
80 332
185 219
100 321
824 378
117 123
298 334
640 367
956 12
10 244
16 302
252 140
785 77
43 227
524 220
223 140
268 80
581 202
97 138
625 233
728 53
23 84
572 148
215 229
929 322
611 191
187 216
110 119
556 387
146 52
91 398
804 103
419 159
128 275
265 265
224 279
413 390
691 213
924 374
818 340
863 292
192 61
151 351
5 66
371 27
438 85
637 258
906 328
597 125
573 154
131 286
129 189
706 87
696 361
478 327
376 362
309 120
899 279
983 107
101 261
853 208
815 233
134 314
895 85
486 12
72 210
788 160
835 123
20 25
94 333
224 384
400 42
424 163
597 270
514 153
180 18
263 258
509 209
617 65
468 270
89 349
330 243
473 238
201 63
158 123
428 168
646 343
941 129
954 304
855 137
850 306
922 283
570 43
994 143
398 139
159 325
441 84
872 206
829 350
947 64
320 238
635 34
878 170
384 15
725 151
394 143
677 135
150 267
89 335
752 307
800 363
563 261
731 247
955 243
843 112
730 60
469 156
58 100
525 175
267 274
944 318
448 134
13 325
10 77
807 36
400 67
550 119
402 252
20 98
143 76
354 112
920 24
921 164
546 22
135 87
742 149
332 161
88 45
421 124
494 67
179 58
365 132
228 108
571 302
285 262
254 356
78 297
775 219
731 102
799 181
729 303
886 381
313 122
816 331
810 400
436 384
595 58
90 74
413 242
282 310
286 69
493 397
684 238
273 354
307 65
487 89
548 147
58 382
748 257
529 245
624 132
510 47
394 144
520 158
163 245
572 112
199 398
497 17
237 336
905 354
384 232
633 356
926 264
689 344
146 384
271 230
182 15
560 96
235 370
375 190
650 284
870 69
144 115
43 116
887 398
374 256
603 45
730 37
669 50
757 183
235 142
763 278
606 16
206 203
332 231
567 338
200 225
968 16
80 395
695 282
678 72
408 317
364 68
976 325
166 211
943 262
49 299
184 384
442 144
279 299
590 261
701 307
501 220
576 134
647 236
924 253
135 165
782 305
145 267
501 221
540 288
703 226
954 55
193 323
453 226
916 322
52 118
62 86
89 206
724 133
149 20
866 349
287 370
693 168
651 255
929 92
286 113
490 182
102 249
843 182
299 254
437 258
84 289
442 358
37 277
157 142
66 271
251 239
533 149
586 358
524 87
934 127
18 336
862 358
794 271
651 306
467 354
821 52
757 287
347 386
355 134
965 385
560 39
576 105
584 208
393 169
894 78
41 190
396 307
925 144
389 232
589 281
163 134
796 203
421 358
508 393
442 143
563 33
507 143
886 210
212 327
260 160
895 75
546 251
816 24
722 194
247 67
833 201
132 289
409 50
801 128
78 147
134 144
487 345
844 44
835 186
853 344
192 340
221 312
449 46
75 115
559 189
160 149
450 82
176 257
362 111
402 320
163 368
174 68
851 57
376 45
890 26
606 136
532 72
130 336
749 264
278 186
34 339
446 275
291 52
90 329
65 368
693 290
628 20
83 391
603 213
156 277
166 268
795 258
20 323
43 150
95 77
861 34
314 216
489 387
33 247
211 308
126 190
807 346
621 47
375 218
125 64
757 195
219 199
45 384
653 364
899 226
57 232
533 345
532 242
539 205
117 391
232 387
970 273
235 17
983 35
440 340
427 330
569 286
661 99
377 362
972 261
134 317
490 150
387 130
114 275
542 190
966 324
262 84
866 140
45 203
94 137
698 356
358 234
632 154
364 393
846 17
714 186
129 142
103 322
247 391
174 376
817 260
882 51
625 279
689 53
117 167
932 18
581 18
633 233
517 397
144 285
665 68
722 394
319 279
561 385
483 299
120 132
351 40
349 147
526 271
634 322
581 172
706 350
107 127
624 347
218 399
549 332
536 181
131 274
569 271
174 309
218 355
762 220
715 200
404 169
432 75
18 169
807 280
672 364
207 228
884 122
141 155
155 192
178 378
438 65
995 161
669 19
86 226
451 274
324 213
23 85
576 238
281 42
20 391
224 87
67 335
763 170
60 388
664 10
208 293
26 337
749 25
405 78
911 111
388 77
198 185
139 22
971 232
367 322
433 24
512 176
20 238
569 11
962 310
951 55
447 343
151 13
631 132
485 57
594 309
838 11
965 358
171 344
711 63
579 145
649 96
829 355
308 236
827 146
331 305
499 331
200 121
161 49
874 342
330 61
460 312
911 279
659 153
180 48
306 160
144 158
177 398
357 17
794 186
672 75
953 251
552 162
959 316
250 148
134 135
349 388
610 165
192 81
9 35
502 324
314 348
723 77
243 76
762 18
762 24
75 393
553 265
75 306
909 304
99 219
696 65
237 316
563 40
273 202
333 48
742 210
307 219
275 164
48 285
836 234
456 112
449 393
407 206
798 222
954 318
271 57
101 33
914 182
924 300
643 201
215 325
384 288
628 254
133 40
80 163
981 254
796 280
662 201
544 280
380 382
760 250
889 93
247 86
140 120
314 109
622 74
512 222
805 290
932 377
633 236
645 338
943 53
417 28
230 219
418 115
382 189
468 303
468 256
348 359
191 32
551 126
726 135
244 213
255 121
360 182
100 263
378 30
555 91
175 358
319 334
508 263
985 132
528 283
297 334
773 287
200 386
418 164
337 364
220 42
206 146
851 237
227 186
974 160
608 359
265 156
337 134
566 295
588 187
960 102
919 277
448 387
163 135
10 214
584 134
232 172
835 18
364 20
279 338
553 392
129 180
765 68
339 55
408 288
566 152
155 210
875 69
350 267
886 337
700 129
995 156
451 159
779 80
667 132
555 110
549 146
719 30
420 169
161 271
673 361
754 153
201 205
553 85
591 63
569 242
152 248
316 190
12 364
403 99
103 136
7 390
428 248
204 192
803 334
990 225
760 301
154 276
332 109
318 377
241 17
288 160
879 282
403 52
869 217
264 251
802 115
541 194
111 82
796 228
342 75
422 16
335 391
330 62
107 74
15 251
331 186
314 134
143 313
334 150
625 11
541 16
803 381
136 265
808 189
896 114
694 18
865 287
483 269
266 52
752 208
648 164
517 74
975 357
197 151
507 348
188 265
120 299
366 142
10 162
568 336
551 256
661 298
175 204
39 113
661 60
548 380
303 43
503 92
257 76
678 34
608 347
913 108
937 118
956 363
505 267
582 169
966 258
330 132
229 254
934 106
502 289
932 82
44 168
893 371
630 129
226 60
479 266
32 172
332 188
712 320
938 207
658 222
702 321
795 115
110 387
942 299
728 72
710 113
7 390
811 21
970 281
19 126
75 328
661 276
159 57
8 305
688 232
193 249
662 16
706 223
739 168
225 299
129 328
617 248
357 276
740 176
108 360
133 335
786 317
651 75
313 234
802 175
47 274
169 337
427 68
178 362
558 73
894 354
147 388
219 319
555 71
543 233
751 118
889 333
974 22
67 369
558 207
942 367
261 312
633 261
808 220
528 134
598 19
157 373
198 19
82 357
847 379
523 229
618 249
256 201
466 52
246 275
804 157
171 63
368 186
193 21
401 395
913 386
906 311
581 306
340 271
190 123
714 182
443 305
42 64
100 323
102 16
931 74
382 62
981 271
895 162
616 35
806 190
164 338
12 165
237 200
69 318
19 331
466 297
848 270
831 121
84 28
880 94
392 261
694 264
683 220
685 347
762 298
928 314
551 313
622 141
299 127
151 126
968 63
913 201
736 26
374 366
563 46
551 293
765 372
542 275
469 198
921 70
53 166
230 204
568 264
666 83
316 116
628 195
759 29
681 61
34 183
510 286
67 223
182 231
189 229
887 241
684 261
809 151
23 275
660 291
277 389
709 108
998 166
928 357
844 271
361 397
167 58
667 320
840 282
874 373
219 142
770 228
97 197
566 348
864 162
707 245
388 285
503 117
35 23
773 375
426 356
917 159
589 10
407 19
195 239
109 67
571 342
75 33
612 30
811 81
731 245
678 376
685 44
281 282
628 22
12 251
394 179
117 366
153 122
246 211
607 328
835 159
661 43
953 227
39 322
812 300
395 392
825 277
360 200
300 62
814 13
582 277
329 301
540 392
838 342
736 368
21 269
597 375
715 15
224 100
253 218
313 351
993 116
387 324
945 178
763 123
862 332
789 248
205 157
697 121
313 42
884 227
555 65
622 370
815 248
725 34
373 398
124 224
417 137
905 135
979 344
940 159
553 81
249 71
249 339
851 211
947 181
356 168
60 181
104 237
711 176
819 252
367 174
517 201
477 293
379 18
241 113
125 57
129 34
900 250
284 366
470 346
215 200
192 208
121 172
498 387
182 283
269 258
37 238
157 150
473 380
549 208
673 372
274 339
880 109
968 302
629 149
217 193
563 24
12 192
716 90
484 324
318 276
825 202
722 118
419 82
940 97
937 301
627 121
344 291
61 183
564 104
189 243
498 207
369 119
918 131
240 245
898 199
82 32
997 114
124 348
470 174
739 397
805 46
945 275
927 17
861 210
520 329
748 72
139 175
6 199
796 161
297 372
725 134
832 52
761 67
956 382
511 400
17 350
726 399
264 154
80 395
744 148
86 111
677 281
744 190
618 22
712 202
133 114
68 330
559 203
124 275
313 39
850 204
102 58
817 208
867 262
739 144
494 373
6 353
202 342
822 323
226 18
633 72
983 90
955 15
675 394
701 389
164 62
961 182
953 63
257 304
477 271
692 199
453 250
83 15
957 117
929 148
527 150
853 120
482 147
868 95
33 105
463 312
500 21
736 82
998 220
127 24
787 200
491 18
656 360
446 58
687 265
325 254
644 175
386 117
400 263
724 346
721 206
949 216
624 363
336 37
176 229
24 336
785 59
573 278
229 54
555 297
908 58
755 84
47 228
874 84
713 212
952 139
474 293
762 387
882 117
280 336
288 254
53 327
889 206
656 355
556 194
50 229
715 301
861 312
166 282
535 283
433 336
275 400
164 354
94 170
951 274
949 213
530 12
893 165
350 113
198 398
913 49
980 341
781 194
883 233
993 376
790 389
680 231
911 35
839 246
462 147
763 347
436 399
383 177
897 384
729 201
663 332
542 142
65 238
937 208
578 28
198 54
986 154
57 217
75 38
938 15
254 160
325 128
429 75
103 240
862 103
909 97
901 215
591 206
900 347
719 246
803 79
213 324
947 355
165 398
192 272
10 341
123 11
159 357
951 46
741 113
588 57
190 97
150 252
411 360
191 140
588 335
652 380
167 276
293 192
799 324
710 78
256 155
810 194
733 228
102 188
341 296
57 157
717 25
425 196
693 295
630 234
651 136
618 33
13 226
308 238
999 266
321 210
695 180
343 178
543 277
471 252
307 286
268 207
482 55
677 320
570 314
343 83
678 112
479 318
927 284
391 196
555 290
401 232
367 29
854 400
677 211
971 216
613 105
280 272
937 130
694 56
649 293
921 196
96 241
46 239
508 27
620 398
215 230
216 176
659 151
994 271
644 384
492 55
553 216
93 35
120 138
722 130
401 200
948 205
457 70
106 39
456 223
506 67
717 119
408 134
112 273
551 259
51 40
661 104
705 291
424 244
882 264
699 340
584 372
355 19
773 246
800 82
610 122
390 344
589 227
941 165
329 288
874 40
176 345
364 388
508 178
625 332
546 302
943 374
274 23
210 89
84 297
506 116
353 47
834 175
995 199
219 234
623 380
671 173
742 288
388 374
110 177
294 108
418 329
305 378
873 393
338 193
472 95
996 107
741 116
702 73
827 131
47 163
587 327
849 47
703 199
897 369
628 68
823 105
543 24
563 54
400 170
838 206
967 35
181 220
778 355
